# step residual mass
         1   1.0000000000000000E+000   2.5050986995541689E-004
         2   4.4985181737143709E-001   4.6209599198564200E-004
         3   2.7360036746587857E-001   6.4449240900420386E-004
         4   1.8971003561601313E-001   8.0470609963154659E-004
         5   1.4206647321018498E-001   9.4782753042630308E-004
         6   1.1208462935540453E-001   1.0775898023843273E-003
         7   9.1875988099782216E-002   1.1967572272039760E-003
         8   7.7547592631066101E-002   1.3073972993891464E-003
         9   6.6973290860146945E-002   1.4110723821438027E-003
        10   5.8905026202342989E-002   1.5089757342589805E-003
