# step residual mass
         1   1.0000000000000000E+000   7.4164603148849137E-002
         2   4.1573785092240051E-001   1.2693803701782450E-001
         3   2.2527861465613663E-001   1.6386310813715749E-001
         4   1.3615902086933823E-001   1.8970722853626540E-001
         5   8.6980799639106071E-002   2.0779590974511408E-001
         6   5.7368179021586183E-002   2.2045669895559478E-001
         7   3.8591671456229382E-002   2.2931854142357916E-001
         8   2.6293365730807861E-002   2.3552148005824552E-001
         9   1.8066064640276824E-002   2.3986340265409289E-001
        10   1.2484017034867734E-002   2.4290273936096460E-001
        11   8.6603617679528438E-003   2.4503033362892954E-001
        12   6.0239976431474161E-003   2.4651974027111825E-001
        13   4.1980295710649113E-003   2.4756242635568829E-001
        14   2.9293773653981132E-003   2.4829240667819250E-001
        15   2.0460083408417665E-003   2.4880348519262233E-001
        16   1.4299694067426167E-003   2.4916132178990238E-001
        17   9.9989438372818690E-004   2.4941187760531783E-001
        18   6.9941525172822301E-004   2.4958732581769066E-001
        19   4.8936451212369539E-004   2.4971018863625294E-001
        20   3.4246891601752129E-004   2.4979623284297189E-001
        21   2.3970913636000223E-004   2.4985649646808736E-001
        22   1.6780783162400253E-004   2.4989870735051975E-001
        23   1.1748918057611943E-004   2.4992827607461088E-001
        24   8.2269429512386589E-005   2.4994899100466056E-001
        25   5.7614705843513176E-005   2.4996350480778073E-001
        26   4.0353717047450785E-005   2.4997367502929060E-001
        27   2.8267771709786930E-005   2.4998080250995178E-001
        28   1.9804374493238803E-005   2.4998579829418047E-001
        29   1.3877043193838976E-005   2.4998930048170229E-001
        30   9.7253379963215770E-006   2.4999175603836613E-001
        31   6.8169649723332682E-006   2.4999347807666980E-001
        32   4.7792925335854447E-006   2.4999468596325208E-001
        33   3.3514362150795326E-006   2.4999553340350752E-001
        34   2.3507301045751499E-006   2.4999612810857838E-001
        35   1.6492628955328576E-006   2.4999654556861278E-001
        36   1.1574558705823450E-006   2.4999683869920261E-001
        37   8.1256848945501445E-007   2.4999704459804947E-001
        38   5.7065236463482524E-007   2.4999718927795481E-001
        39   4.0091865282453067E-007   2.4999729098256138E-001
        40   2.8179465989358466E-007   2.4999736250947233E-001
        41   1.9816281518010479E-007   2.4999741283809032E-001
        42   1.3942735426195670E-007   2.4999744827041154E-001
        43   9.8160438255023582E-008   2.4999747323060628E-001
        44   6.9153951449200755E-008   2.4999749082552883E-001
        45   4.8755349723034852E-008   2.4999750323770120E-001
        46   3.4402412995151506E-008   2.4999751200089315E-001
        47   2.4297283078425672E-008   2.4999751819341104E-001
        48   1.7178067352315987E-008   2.4999752257369737E-001
        49   1.2158765281031153E-008   2.4999752567548161E-001
        50   8.6170751173053276E-009   2.4999752787456694E-001
