# step residual mass
         1   1.0000000000000000E+000   1.1778499282639807E-001
         2   3.2262328303972770E-001   1.7787598324465340E-001
         3   1.4429055893952564E-001   2.1047087264175529E-001
         4   7.1205973768705036E-002   2.2837762689471047E-001
         5   3.6614786582486201E-002   2.3817292930547546E-001
         6   1.9217920021521073E-002   2.4353223384927383E-001
         7   1.0225074913025767E-002   2.4646313264996247E-001
         8   5.4750463802168076E-003   2.4806542303999027E-001
         9   2.9471142078617996E-003   2.4894126237801939E-001
        10   1.5905897281393070E-003   2.4941990478305562E-001
        11   8.6056822621633010E-004   2.4968146189615700E-001
        12   4.6626749487864379E-004   2.4982437378413080E-001
        13   2.5297658450408708E-004   2.4990245564638544E-001
        14   1.3738159202601790E-004   2.4994511384272797E-001
        15   7.4671964153369140E-005   2.4996841845836446E-001
        16   4.0613740141518229E-005   2.4998114953081715E-001
        17   2.2103068283230766E-005   2.4998810425455598E-001
        18   1.2034936298274471E-005   2.4999190339654168E-001
        19   6.5558072096074177E-006   2.4999397872135948E-001
        20   3.5724587043868546E-006   2.4999511237753788E-001
        21   1.9473741547264763E-006   2.4999573163821170E-001
        22   1.0618202910879173E-006   2.4999606990752868E-001
        23   5.7910567463410711E-007   2.4999625468532916E-001
        24   3.1590358260758334E-007   2.4999635561880204E-001
        25   1.7235741469605923E-007   2.4999641075279874E-001
        26   9.4053084788799964E-008   2.4999644086917450E-001
        27   5.1330449517245630E-008   2.4999645731990619E-001
        28   2.8017405663608977E-008   2.4999646630592148E-001
        29   1.5294135756901599E-008   2.4999647121441970E-001
        30   8.3494931630828607E-009   2.4999647389562310E-001
