# step residual mass
         1   1.0000000000000000E+000   2.2773844617288017E-004
         2   4.4716917021114660E-001   4.1891087376836467E-004
         3   2.7019610445399700E-001   5.8224166093583736E-004
         4   1.8764175365632260E-001   7.2576022553751986E-004
         5   1.4145414784703317E-001   8.5484992541071201E-004
         6   1.1259768130099738E-001   9.7310568504329557E-004
         7   9.3141205324636239E-002   1.0829710399091351E-003
         8   7.9255505493102535E-002   1.1861426936853525E-003
         9   6.8896553295370741E-002   1.2838265741657174E-003
        10   6.0889567897555279E-002   1.3769012738164737E-003
