# step residual mass
         1   1.0000000000000000E+000   1.4275202028667699E-001
         2   2.9771095633778299E-001   2.0261695019803710E-001
         3   1.1613481092459506E-001   2.2878203788808524E-001
         4   4.9217185595168127E-002   2.4037220035585366E-001
         5   2.1510823524183122E-002   2.4553131265189868E-001
         6   9.5185039693197922E-003   2.4783208187098624E-001
         7   4.2336809346810106E-003   2.4885889491271795E-001
         8   1.8872095650118803E-003   2.4931728768439390E-001
         9   8.4204107608908476E-004   2.4952194901291477E-001
        10   3.7585955582556795E-004   2.4961332976833722E-001
        11   1.6780177191439417E-004   2.4965413183895704E-001
        12   7.4920760069242971E-005   2.4967235036024396E-001
        13   3.3452083215267492E-005   2.4968048513357938E-001
        14   1.4936573693839014E-005   2.4968411740558666E-001
        15   6.6693243838598179E-006   2.4968573925865145E-001
        16   2.9779270263730870E-006   2.4968646343567846E-001
        17   1.3296791719382606E-006   2.4968678678951653E-001
        18   5.9371763829808228E-007   2.4968693117093835E-001
        19   2.6510209338573058E-007   2.4968699563899999E-001
        20   1.1837130007508293E-007   2.4968702442477431E-001
        21   5.2854223973538965E-008   2.4968703727797265E-001
        22   2.3600053972089166E-008   2.4968704301708236E-001
        23   1.0537711204042842E-008   2.4968704557966462E-001
        24   4.7052164003133568E-009   2.4968704672388897E-001
