# step residual mass
         1   1.0000000000000000E+000   2.3989025714258375E-002
         2   4.3449104295452839E-001   4.2230883495224025E-002
         3   2.6522505081438014E-001   5.7228840049685495E-002
         4   1.8655101158933138E-001   7.0072839664565914E-002
         5   1.4167331765956151E-001   8.1353410656298766E-002
         6   1.1292870594950374E-001   9.1432550001889823E-002
         7   9.3063585544748431E-002   1.0055084352334964E-001
         8   7.8568808070879348E-002   1.0887762449193292E-001
         9   6.7554335896646361E-002   1.1653730198646596E-001
        10   5.8918383253355314E-002   1.2362438212301527E-001
        11   5.1977417076951846E-002   1.3021260427074458E-001
        12   4.6285554880424934E-002   1.3636078746881908E-001
        13   4.1539792089371898E-002   1.4211672953695928E-001
        14   3.7527155511418143E-002   1.4751989801044746E-001
        15   3.4093671275631218E-002   1.5260334129199155E-001
        16   3.1125324272358205E-002   1.5739507928605170E-001
        17   2.8535932270141860E-002   1.6191913634931274E-001
        18   2.6259174903556011E-002   1.6619632217774039E-001
        19   2.4243208837626991E-002   1.7024483111392655E-001
        20   2.2446942174372406E-002   1.7408070811391971E-001
        21   2.0837401739186190E-002   1.7771821514312736E-001
        22   1.9387837049383742E-002   1.8117012212555228E-001
        23   1.8076331230011736E-002   1.8444793999623674E-001
        24   1.6884767371298279E-002   1.8756210883311086E-001
        25   1.5798048398211695E-002   1.9052215080233273E-001
        26   1.4803500620087163E-002   1.9333679531302717E-001
        27   1.3890412312939061E-002   1.9601408206424298E-001
        28   1.3049672916112554E-002   1.9856144639371043E-001
        29   1.2273488137555986E-002   2.0098579037930234E-001
        30   1.1555152992015585E-002   2.0329354241387657E-001
        31   1.0888869525846605E-002   2.0549070741218614E-001
        32   1.0269599350043370E-002   2.0758290937211818E-001
        33   9.6929435317723821E-003   2.0957542767090512E-001
        34   9.1550441670899228E-003   2.1147322820770686E-001
        35   8.6525032657656497E-003   2.1328099029050770E-001
        36   8.1823155551908004E-003   2.1500312999516982E-001
        37   7.7418125460948567E-003   2.1664382058835471E-001
        38   7.3286157627411950E-003   2.1820701049665167E-001
        39   6.9405974703551036E-003   2.1969643921611634E-001
        40   6.5758475656842955E-003   2.2111565148518547E-001
        41   6.2326455567281239E-003   2.2246800998621280E-001
        42   5.9094367623101244E-003   2.2375670679402843E-001
        43   5.6048120242440640E-003   2.2498477375179443E-001
        44   5.3174903540408793E-003   2.2615509192337241E-001
        45   5.0463040396740580E-003   2.2727040024606979E-001
        46   4.7901858214113944E-003   2.2833330348689432E-001
        47   4.5481578133344516E-003   2.2934627958848525E-001
        48   4.3193219021856076E-003   2.3031168647696604E-001
        49   4.1028514001282780E-003   2.3123176839253540E-001
        50   3.8979837648604660E-003   2.3210866179420067E-001
        51   3.7040142308591359E-003   2.3294440088231722E-001
        52   3.5202902205715195E-003   2.3374092277618033E-001
        53   3.3462064251069124E-003   2.3450007237862666E-001
        54   3.1812004612060065E-003   2.3522360695520206E-001
        55   3.0247490256054910E-003   2.3591320045179243E-001
        56   2.8763644798799333E-003   2.3657044757157256E-001
        57   2.7355918088705533E-003   2.3719686762956269E-001
        58   2.6020059042013311E-003   2.3779390820094923E-001
        59   2.4752091314524985E-003   2.3836294857751403E-001
        60   2.3548291455102836E-003   2.3890530304498747E-001
        61   2.2405169236332984E-003   2.3942222399283836E-001
        62   2.1319449900299280E-003   2.3991490486690784E-001
        63   2.0288058093394057E-003   2.4038448297433099E-001
        64   1.9308103294789743E-003   2.4083204214937451E-001
        65   1.8376866569177605E-003   2.4125861528809742E-001
        66   1.7491788496663829E-003   2.4166518675912024E-001
        67   1.6650458151713649E-003   2.4205269469723364E-001
        68   1.5850603019335516E-003   2.4242203318610137E-001
        69   1.5090079750612686E-003   2.4277405433587027E-001
        70   1.4366865671841605E-003   2.4310957026112182E-001
        71   1.3679050971733729E-003   2.4342935496424889E-001
        72   1.3024831500272264E-003   2.4373414612902927E-001
        73   1.2402502120420959E-003   2.4402464682888228E-001
        74   1.1810450560697677E-003   2.4430152715402897E-001
        75   1.1247151722464329E-003   2.4456542576154808E-001
        76   1.0711162400826812E-003   2.4481695135208709E-001
        77   1.0201116382559093E-003   2.4505668407679401E-001
        78   9.7157198883230994E-004   2.4528517687783655E-001
        79   9.2537473298718545E-004   2.4550295676571002E-001
        80   8.8140373559539840E-004   2.4571052603635893E-001
        81   8.3954891632306633E-004   2.4590836343099312E-001
        82   7.9970590509198167E-004   2.4609692524132573E-001
        83   7.6177571998732932E-004   2.4627664636283167E-001
        84   7.2566446587070703E-004   2.4644794129849176E-001
        85   6.9128305211433975E-004   2.4661120511536655E-001
        86   6.5854692802509512E-004   2.4676681435623687E-001
        87   6.2737583464857769E-004   2.4691512790842632E-001
        88   5.9769357176837283E-004   2.4705648783183273E-001
        89   5.6942777900862048E-004   2.4719122014808809E-001
        90   5.4250973004863672E-004   2.4731963559268247E-001
        91   5.1687413903825580E-004   2.4744203033178766E-001
        92   4.9245897837911165E-004   2.4755868664545283E-001
        93   4.6920530710328431E-004   2.4766987357874190E-001
        94   4.4705710914435002E-004   2.4777584756232832E-001
        95   4.2596114084841841E-004   2.4787685300397891E-001
        96   4.0586678712679284E-004   2.4797312285229275E-001
        97   3.8672592569465378E-004   2.4806487913400288E-001
        98   3.6849279888248794E-004   2.4815233346607507E-001
        99   3.5112389254674176E-004   2.4823568754379502E-001
       100   3.3457782163624560E-004   2.4831513360596369E-001
       101   3.1881522201158643E-004   2.4839085487827825E-001
       102   3.0379864813089296E-004   2.4846302599592393E-001
       103   2.8949247625408464E-004   2.4853181340634684E-001
       104   2.7586281283447045E-004   2.4859737575314372E-001
       105   2.6287740779337747E-004   2.4865986424194855E-001
       106   2.5050557238885136E-004   2.4871942298916561E-001
       107   2.3871810141607829E-004   2.4877618935434989E-001
       108   2.2748719948906753E-004   2.4883029425700295E-001
       109   2.1678641116733660E-004   2.4888186247851482E-001
       110   2.0659055471595396E-004   2.4893101294995082E-001
       111   1.9687565929022571E-004   2.4897785902634165E-001
       112   1.8761890535523663E-004   2.4902250874811666E-001
       113   1.7879856816373780E-004   2.4906506509027665E-001
       114   1.7039396411726762E-004   2.4910562619988574E-001
       115   1.6238539986199299E-004   2.4914428562242899E-001
       116   1.5475412396417045E-004   2.4918113251755386E-001
       117   1.4748228102668830E-004   2.4921625186470006E-001
       118   1.4055286811950844E-004   2.4924972465908718E-001
       119   1.3394969339577831E-004   2.4928162809851234E-001
       120   1.2765733678055851E-004   2.4931203576139216E-001
       121   1.2166111262075663E-004   2.4934101777645437E-001
       122   1.1594703419716904E-004   2.4936864098447700E-001
       123   1.1050177999282606E-004   2.4939496909243952E-001
       124   1.0531266163843384E-004   2.4942006282045315E-001
       125   1.0036759343437419E-004   2.4944398004179547E-001
       126   9.5655063380844143E-005   2.4946677591638547E-001
       127   9.1164105627136049E-005   2.4948850301799619E-001
       128   8.6884274276974834E-005   2.4950921145550620E-001
       129   8.2805618473894458E-005   2.4952894898846442E-001
       130   7.8918658704737462E-005   2.4954776113723717E-001
       131   7.5214364260112310E-005   2.4956569128799169E-001
       132   7.1684131790519023E-005   2.4958278079275642E-001
       133   6.8319764906418960E-005   2.4959906906479162E-001
       134   6.5113454767194454E-005   2.4961459366948560E-001
       135   6.2057761611665599E-005   2.4962939041099319E-001
       136   5.9145597180771200E-005   2.4964349341480976E-001
       137   5.6370207990856516E-005   2.4965693520647383E-001
       138   5.3725159412587980E-005   2.4966974678658047E-001
       139   5.1204320518833791E-005   2.4968195770227797E-001
       140   4.8801849659197094E-005   2.4969359611541114E-001
       141   4.6512180730119263E-005   2.4970468886747177E-001
       142   4.4330010103070904E-005   2.4971526154150073E-001
       143   4.2250284180253037E-005   2.4972533852109219E-001
       144   4.0268187544812913E-005   2.4973494304662747E-001
       145   3.8379131681214455E-005   2.4974409726887417E-001
       146   3.6578744232195403E-005   2.4975282230007276E-001
       147   3.4862858770223444E-005   2.4976113826262730E-001
       148   3.3227505056269443E-005   2.4976906433551252E-001
       149   3.1668899765259270E-005   2.4977661879850696E-001
       150   3.0183437650967789E-005   2.4978381907435127E-001
       151   2.8767683132835518E-005   2.4979068176892960E-001
       152   2.7418362282851187E-005   2.4979722270956789E-001
       153   2.6132355194452270E-005   2.4980345698153539E-001
       154   2.4906688712155453E-005   2.4980939896283677E-001
       155   2.3738529508507505E-005   2.4981506235737103E-001
       156   2.2625177487816217E-005   2.4982046022653664E-001
       157   2.1564059503951695E-005   2.4982560501935577E-001
       158   2.0552723376122663E-005   2.4983050860118364E-001
       159   1.9588832186750374E-005   2.4983518228107510E-001
       160   1.8670158851875544E-005   2.4983963683786467E-001
       161   1.7794580945161910E-005   2.4984388254502815E-001
       162   1.6960075770788149E-005   2.4984792919437349E-001
       163   1.6164715666269840E-005   2.4985178611862532E-001
       164   1.5406663528493453E-005   2.4985546221294755E-001
       165   1.4684168551588226E-005   2.4985896595545998E-001
       166   1.3995562166185968E-005   2.4986230542678906E-001
       167   1.3339254168571263E-005   2.4986548832870584E-001
       168   1.2713729035459561E-005   2.4986852200188686E-001
       169   1.2117542410777891E-005   2.4987141344284602E-001
       170   1.1549317758612138E-005   2.4987416932006845E-001
       171   1.1007743173881790E-005   2.4987679598939078E-001
       172   1.0491568344625567E-005   2.4987929950865978E-001
       173   9.9996016554271838E-006   2.4988168565170293E-001
       174   9.5307074286291502E-006   2.4988395992164461E-001
       175   9.0838032957785867E-006   2.4988612756359843E-001
       176   8.6578576924316463E-006   2.4988819357676292E-001
       177   8.2518874705622039E-006   2.4989016272595285E-001
       178   7.8649556238367726E-006   2.4989203955258571E-001
       179   7.4961691201082958E-006   2.4989382838515753E-001
       180   7.1446768361642039E-006   2.4989553334922557E-001
       181   6.8096675883034419E-006   2.4989715837692134E-001
       182   6.4903682571379038E-006   2.4989870721602139E-001
       183   6.1860420006953146E-006   2.4990018343858891E-001
       184   5.8959865488038968E-006   2.4990159044921340E-001
       185   5.6195325822265610E-006   2.4990293149286125E-001
       186   5.3560421839719206E-006   2.4990420966236046E-001
       187   5.1049073653073581E-006   2.4990542790553391E-001
       188   4.8655486615027425E-006   2.4990658903199642E-001
       189   4.6374137912635818E-006   2.4990769571963622E-001
       190   4.4199763826868829E-006   2.4990875052078979E-001
       191   4.2127347555090121E-006   2.4990975586812822E-001
       192   4.0152107629407359E-006   2.4991071408026877E-001
       193   3.8269486875621383E-006   2.4991162736712119E-001
       194   3.6475141875308759E-006   2.4991249783498454E-001
       195   3.4764932948186884E-006   2.4991332749140577E-001
       196   3.3134914580592879E-006   2.4991411824980797E-001
       197   3.1581326320434105E-006   2.4991487193390519E-001
       198   3.0100584092134599E-006   2.4991559028190716E-001
       199   2.8689271920711996E-006   2.4991627495052926E-001
       200   2.7344134044033405E-006   2.4991692751881150E-001
       201   2.6062067396225444E-006   2.4991754949176215E-001
       202   2.4840114448133154E-006   2.4991814230382808E-001
       203   2.3675456371721277E-006   2.4991870732220212E-001
       204   2.2565406537108181E-006   2.4991924584997730E-001
       205   2.1507404316872417E-006   2.4991975912915190E-001
       206   2.0499009160176555E-006   2.4992024834349391E-001
       207   1.9537894979319825E-006   2.4992071462127094E-001
       208   1.8621844763595491E-006   2.4992115903785161E-001
       209   1.7748745473050479E-006   2.4992158261818728E-001
       210   1.6916583157265964E-006   2.4992198633917445E-001
       211   1.6123438309575188E-006   2.4992237113190899E-001
       212   1.5367481434844197E-006   2.4992273788383199E-001
       213   1.4646968836015968E-006   2.4992308744077810E-001
       214   1.3960238571783715E-006   2.4992342060892475E-001
       215   1.3305706641505979E-006   2.4992373815665231E-001
       216   1.2681863322857016E-006   2.4992404081631661E-001
       217   1.2087269681667721E-006   2.4992432928593658E-001
       218   1.1520554262671055E-006   2.4992460423080526E-001
       219   1.0980409916548488E-006   2.4992486628502400E-001
       220   1.0465590791573780E-006   2.4992511605296405E-001
       221   9.9749094474517676E-007   2.4992535411066130E-001
       222   9.5072341311981850E-007   2.4992558100714476E-001
       223   9.0614861543623896E-007   2.4992579726570222E-001
       224   8.6366374064278435E-007   2.4992600338508711E-001
       225   8.2317079877959448E-007   2.4992619984067008E-001
       226   7.8457639417699621E-007   2.4992638708553280E-001
       227   7.4779151098682438E-007   2.4992656555151549E-001
       228   7.1273130646144156E-007   2.4992673565021128E-001
       229   6.7931491684690092E-007   2.4992689777391680E-001
       230   6.4746526894405163E-007   2.4992705229653447E-001
       231   6.1710890454920737E-007   2.4992719957443840E-001
       232   5.8817580882365341E-007   2.4992733994729263E-001
       233   5.6059925035362007E-007   2.4992747373883686E-001
       234   5.3431562624087886E-007   2.4992760125763289E-001
       235   5.0926431605154532E-007   2.4992772279777514E-001
       236   4.8538754168537719E-007   2.4992783863956960E-001
       237   4.6263023377001749E-007   2.4992794905018051E-001
       238   4.4093990530291074E-007   2.4992805428424622E-001
       239   4.2026653011901650E-007   2.4992815458446638E-001
       240   4.0056242774778657E-007   2.4992825018216180E-001
       241   3.8178215335728426E-007   2.4992834129780797E-001
       242   3.6388239232043732E-007   2.4992842814154340E-001
       243   3.4682186163796172E-007   2.4992851091365462E-001
       244   3.3056121353084732E-007   2.4992858980503754E-001
       245   3.1506294494778858E-007   2.4992866499763805E-001
       246   3.0029131172086579E-007   2.4992873666487175E-001
       247   2.8621224517490379E-007   2.4992880497202385E-001
       248   2.7279327420686605E-007   2.4992887007662981E-001
       249   2.6000344986402873E-007   2.4992893212883963E-001
       250   2.4781327453890572E-007   2.4992899127176307E-001
       251   2.3619463357855029E-007   2.4992904764180057E-001
       252   2.2512073074235214E-007   2.4992910136895763E-001
       253   2.1456602540656208E-007   2.4992915257714451E-001
       254   2.0450617522062529E-007   2.4992920138446134E-001
       255   1.9491797888319784E-007   2.4992924790347226E-001
       256   1.8577932286556311E-007   2.4992929224146285E-001
       257   1.7706913043595632E-007   2.4992933450068933E-001
       258   1.6876731315206543E-007   2.4992937477861352E-001
       259   1.6085472418242654E-007   2.4992941316812770E-001
       260   1.5331311485667727E-007   2.4992944975776918E-001
       261   1.4612509159127593E-007   2.4992948463192394E-001
       262   1.3927407652737843E-007   2.4992951787102183E-001
       263   1.3274426914157815E-007   2.4992954955172120E-001
       264   1.2652060975074924E-007   2.4992957974708715E-001
       265   1.2058874452253507E-007   2.4992960852675913E-001
       266   1.1493499261930435E-007   2.4992963595711054E-001
       267   1.0954631516411795E-007   2.4992966210140405E-001
       268   1.0441028373334749E-007   2.4992968701993548E-001
       269   9.9515053390673732E-008   2.4992971077017442E-001
       270   9.4849334014644603E-008   2.4992973340689570E-001
       271   9.0402365216409445E-008   2.4992975498230532E-001
       272   8.6163890780620576E-008   2.4992977554616316E-001
       273   8.2124135788683536E-008   2.4992979514589506E-001
       274   7.8273782784975151E-008   2.4992981382670318E-001
       275   7.4603951960929132E-008   2.4992983163167143E-001
       276   7.1106180062508867E-008   2.4992984860186271E-001
       277   6.7772399458061956E-008   2.4992986477641510E-001
       278   6.4594921997532036E-008   2.4992988019263190E-001
       279   6.1566419310246643E-008   2.4992989488606751E-001
       280   5.8679906359268538E-008   2.4992990889060862E-001
       281   5.5928726666567704E-008   2.4992992223855404E-001
       282   5.3306534659884339E-008   2.4992993496068786E-001
       283   5.0807282882950668E-008   2.4992994708635075E-001
       284   4.8425207510399073E-008   2.4992995864350817E-001
       285   4.6154814739115575E-008   2.4992996965881417E-001
       286   4.3990868231897667E-008   2.4992998015767315E-001
       287   4.1928377536313602E-008   2.4992999016429857E-001
       288   3.9962585834669842E-008   2.4992999970176824E-001
       289   3.8088959091726807E-008   2.4993000879207872E-001
       290   3.6303176716923744E-008   2.4993001745619450E-001
       291   3.4601119894480849E-008   2.4993002571409792E-001
       292   3.2978863233990681E-008   2.4993003358483337E-001
       293   3.1432665386146065E-008   2.4993004108655362E-001
       294   2.9958959953176440E-008   2.4993004823655923E-001
       295   2.8554348933092779E-008   2.4993005505134078E-001
       296   2.7215592268258278E-008   2.4993006154661465E-001
       297   2.5939602484489950E-008   2.4993006773736098E-001
       298   2.4723437026790308E-008   2.4993007363785727E-001
       299   2.3564290756307025E-008   2.4993007926171185E-001
       300   2.2459490806780678E-008   2.4993008462189478E-001
       301   2.1406488656256547E-008   2.4993008973076819E-001
       302   2.0402855923261864E-008   2.4993009460011495E-001
       303   1.9446278149297816E-008   2.4993009924116483E-001
       304   1.8534549065012381E-008   2.4993010366462107E-001
       305   1.7665565932605878E-008   2.4993010788068626E-001
       306   1.6837324476196217E-008   2.4993011189908310E-001
       307   1.6047915167676933E-008   2.4993011572907947E-001
       308   1.5295516550328147E-008   2.4993011937950868E-001
       309   1.4578393893354381E-008   2.4993012285878907E-001
       310   1.3894893166310979E-008   2.4993012617494520E-001
       311   1.3243438061967680E-008   2.4993012933562517E-001
       312   1.2622526126286003E-008   2.4993013234811828E-001
       313   1.2030725221003506E-008   2.4993013521937191E-001
       314   1.1466670675400946E-008   2.4993013795600852E-001
       315   1.0929061627521541E-008   2.4993014056433943E-001
       316   1.0416658052249735E-008   2.4993014305037983E-001
       317   9.9282784027607077E-009   2.4993014541986372E-001
