# step residual mass
         1   1.0000000000000000E+000   5.8120922689606918E+000
         2   1.0318153008408282E+000  -1.9310142101388288E+002
         3   1.0294923848326021E+000   6.7717482304521300E+003
         4   1.0289945309119193E+000  -2.3844704032324624E+005
         5   1.0286805428601133E+000   8.4173761270815209E+006
         6   1.0284864350664562E+000  -2.9760789000654417E+008
         7   1.0283629116976396E+000   1.0534557376286783E+010
         8   1.0282832672537205E+000  -3.7323543117320306E+011
         9   1.0282313535385650E+000   1.3233206792376955E+013
        10   1.0281971340610021E+000  -4.6946312016098525E+014
