# step residual mass
         1   1.0000000000000000E+000   7.4164603148849137E-002
         2   4.1573785092240051E-001   1.2693803701782450E-001
         3   2.2527861465613663E-001   1.6386310813715749E-001
         4   1.3615902086933823E-001   1.8970722853626540E-001
         5   8.6980799639106071E-002   2.0779590974511408E-001
         6   5.7368179021586183E-002   2.2045669895559478E-001
         7   3.8591671456229382E-002   2.2931854142357916E-001
         8   2.6293365730807861E-002   2.3552148005824552E-001
         9   1.8066064640276824E-002   2.3986340265409289E-001
        10   1.2484017034867734E-002   2.4290273936096460E-001
