# step residual mass
         1   1.0000000000000000E+000   2.5052771920015094E-004
         2   4.6580263417788609E-001   4.7445793507900193E-004
         3   2.9117847150298892E-001   6.7614400369783495E-004
         4   2.0605852449915146E-001   8.5910751054722083E-004
         5   1.5644795191046484E-001   1.0262121748855298E-003
         6   1.2437077798983749E-001   1.1797989907321694E-003
         7   1.0214612673178286E-001   1.3217916923106920E-003
         8   8.5955478315568573E-002   1.4537794140876352E-003
         9   7.3696870701645073E-002   1.5770817558767474E-003
        10   6.4125484431028737E-002   1.6928002182952095E-003
