# step residual mass
         1   1.0000000000000000E+000   2.5222875332237585E-004
         2   4.3931583169351190E-001   4.5740289567707318E-004
         3   2.6463339042279937E-001   6.3107687431268524E-004
         4   1.8361054994977177E-001   7.8297595881495353E-004
         5   1.3845948531970378E-001   9.1929095873161592E-004
         6   1.1032717809937588E-001   1.0440437632755499E-003
         7   9.1382149745264790E-002   1.1599079654750328E-003
         8   7.7859665631001940E-002   1.2687069253788359E-003
         9   6.7760074241691018E-002   1.3717191955548728E-003
        10   5.9939557979842469E-002   1.4698678983697934E-003
