# step residual mass
         1   1.0000000000000000E+000   3.3211524442882001E-002
         2   4.6449872863147190E-001   6.2033719832937727E-002
         3   2.8708079033158990E-001   8.7023634560976698E-002
         4   1.9928106311762842E-001   1.0869094567926157E-001
         5   1.4731238149759160E-001   1.2747748493217731E-001
         6   1.1324687527375100E-001   1.4376630318721509E-001
         7   8.9400249879291280E-002   1.5788950296352572E-001
         8   7.1929225633809851E-002   1.7013502124112614E-001
         9   5.8697631198264377E-002   1.8075250629136491E-001
        10   4.8422923449858796E-002   1.8995841101876879E-001
