# step residual mass
         1   1.0000000000000000E+000   2.5050205154351549E-004
         2   4.4024566314424435E-001   4.5495876403875494E-004
         3   2.6550497559598668E-001   6.2839172928651427E-004
         4   1.8430493690608896E-001   7.8026091344369868E-004
         5   1.3898941311440147E-001   9.1662864152694350E-004
         6   1.1072739368715641E-001   1.0414573538298367E-003
         7   9.1685447138350140E-002   1.1573952853280120E-003
         8   7.8092031322420832E-002   1.2662567041075623E-003
         9   6.7940821786323893E-002   1.3693183993956611E-003
        10   6.0082638917253621E-002   1.4675046958129996E-003
